[gd_scene load_steps=11 format=3 uid="uid://yebssdqmfdah"]

[ext_resource type="Texture2D" uid="uid://dw0gss63cqu2b" path="res://mango2.jpg" id="1_db8uc"]

[sub_resource type="PhysicsMaterial" id="PhysicsMaterial_db8uc"]
friction = 0.88

[sub_resource type="SphereMesh" id="SphereMesh_lbrrd"]

[sub_resource type="StandardMaterial3D" id="StandardMaterial3D_db8uc"]
albedo_texture = ExtResource("1_db8uc")

[sub_resource type="SphereShape3D" id="SphereShape3D_lbrrd"]

[sub_resource type="PlaneMesh" id="PlaneMesh_2e1q2"]
size = Vector2(20, 60)

[sub_resource type="StandardMaterial3D" id="StandardMaterial3D_2e1q2"]
albedo_color = Color(0, 0.81, 0.75600004, 1)

[sub_resource type="BoxShape3D" id="BoxShape3D_gq2c6"]

[sub_resource type="BoxShape3D" id="BoxShape3D_db8uc"]

[sub_resource type="BoxMesh" id="BoxMesh_2e1q2"]

[node name="phystest" type="Node3D"]

[node name="Camera3D" type="Camera3D" parent="."]
transform = Transform3D(1, 0, 0, 0, 0.7493835, 0.6621363, 0, -0.6621363, 0.7493835, 0, 12.669281, 27.618526)

[node name="sphere" type="RigidBody3D" parent="."]
mass = 1000.0
physics_material_override = SubResource("PhysicsMaterial_db8uc")

[node name="sphere" type="MeshInstance3D" parent="sphere"]
transform = Transform3D(-0.999191, 0, -0.040219106, 0.031636823, 0.61744785, -0.7859754, 0.0248332, -0.786612, -0.6169483, 0, 0, 0)
mesh = SubResource("SphereMesh_lbrrd")
skeleton = NodePath("../..")
surface_material_override/0 = SubResource("StandardMaterial3D_db8uc")

[node name="CollisionShape3D" type="CollisionShape3D" parent="sphere"]
shape = SubResource("SphereShape3D_lbrrd")

[node name="StaticBody3D" type="StaticBody3D" parent="."]

[node name="MeshInstance3D" type="MeshInstance3D" parent="StaticBody3D"]
transform = Transform3D(1, 0, 0, 0, 0.8660254, -0.5, 0, 0.5, 0.8660254, 0, -1, 0)
mesh = SubResource("PlaneMesh_2e1q2")
skeleton = NodePath("../..")
surface_material_override/0 = SubResource("StandardMaterial3D_2e1q2")

[node name="CollisionShape3D" type="CollisionShape3D" parent="StaticBody3D"]
transform = Transform3D(20, 0, 0, 0, 0.8660254, -30, 0, 0.5, 51.961525, 0, -1.5, 0)
shape = SubResource("BoxShape3D_gq2c6")

[node name="OmniLight3D" type="OmniLight3D" parent="."]
transform = Transform3D(1, 0, 0, 0, 1, 0, 0, 0, 1, 0, 10.27609, 23.231668)
light_energy = 16.0
omni_range = 104.170135

[node name="StaticBody3D2" type="StaticBody3D" parent="."]
transform = Transform3D(0.7891491, -0.047367185, 0.6123724, 0.4330127, 0.75, -0.5, -0.4355957, 0.6597396, 0.6123724, 0, -2.9952502, 4.3130145)

[node name="CollisionShape3D" type="CollisionShape3D" parent="StaticBody3D2"]
shape = SubResource("BoxShape3D_db8uc")

[node name="MeshInstance3D" type="MeshInstance3D" parent="StaticBody3D2"]
mesh = SubResource("BoxMesh_2e1q2")
skeleton = NodePath("../CollisionShape3D")
